8298
9433
5992
6113
1409
5680
8436
6401
8493
6099
5845
6039
2432
5922
7913
1760
8308
459
7649
4072
765
6435
3074
6061
6420
4963
3150
8012
6355
539
6744
6635
670
8842
9429
3026
7102
904
9124
748
7601
6813
6928
8395
9797
2245
9365
3146
2166
5993
9595
357
3618
7658
7468
5247
8157
5933
7878
602
5240
7000
5960
4614
1054
4216
1315
8469
8430
8736
3042
2823
7137
7700
9014
6734
3812
9578
195
9977
8609
394
9837
6444
6989
6997
37
210
2535
5336
1517
8571
6600
8078
1212
4332
1492
3895
4565
4226
3866
1325
7766
5412
9177
7019
9613
1824
7823
1218
1982
5886
1858
9735
7167
2146
2914
9030
1280
3002
8281
8704
6649
3095
411
1197
6813
2634
5358
5393
6457
4836
654
9561
1849
4675
5849
4914
1443
6333
2471
1192
5048
18
2253
2409
16
7016
1669
4857
9834
2337
1658
472
2094
5111
1699
4885
55
9672
4212
3637
2165
8568
6835
7809
7805
1337
3081
1571
9079
3187
3399
7744
7455
2963
7898
947
8559
4909
1662
3313
7027
6083
1452
9627
9396
8779
6471
1426
7960
6131
9053
7374
9812
4900
6893
7967
3515
6763
5160
6750
1328
4746
7646
4736
8061
1650
193
246
3208
1341
7711
5498
4304
5893
7495
8885
8173
233
5280
2153
2517
4280
445
4923
7317
473
9186
9971
9681
2143
6413
3224
1874
5741
4011
9642
4236
7510
9550
850
9760
9766
3786
4683
6231
7403
1071
8313
2617
5166
3728
387
6780
3633
5939
4614
6383
8971
3433
9968
6606
6249
2088
3477
8376
8532
561
6751
886
9137
424
7887
8985
3842
1846
6758
6246
3512
2844
4736
4310
6723
1618
8895
8855
9800
8023
7407
9571
1634
4275
9856
9360
9000
2380
7471
5984
3194
3105
2375
2341
5035
1362
4833
7904
9812
404
7381
1194
8373
8689
2239
8246
2523
6038
386
4159
6840
3019
768
5146
7875
2165
8526
1635
8096
2630
4799
3804
517
5966
7262
3066
2925
8150
577
2180
7974
4024
5163
1902
449
1125
7535
5177
9547
8351
248
2017
6754
8264
8338
3231
7911
9702
8598
8815
4143
1558
4331
7477
1438
4696
5096
4660
6550
9759
3976
8558
6865
5191
7860
8020
4637
6367
5811
9201
831
7170
4592
2257
7239
4376
4460
8497
1914
6449
2915
8467
4067
3908
9149
991
1475
1842
3914
3424
2221
2899
9191
740
5178
3518
657
2936
6967
1437
7783
6248
2557
2514
142
9066
10
2074
3176
4428
3638
9853
5309
1740
6740
5714
9747
1698
7749
3980
7493
1117
4231
8238
5937
5616
3671
3285
4962
4108
4758
2294
7763
9293
9703
9887
2661
7340
8225
8931
7169
5887
3474
3152
1
4638
162
9554
6547
1104
2847
4022
3412
5294
5585
5811
5675
4144
1716
6352
1621
3143
9446
7160
5878
9996
3503
378
1804
8094
2164
4515
9920
9136
270
2788
1540
1059
315
2319
7097
9374
2583
3577
4900
5204
5245
5767
4355
2200
6399
9584
8109
1248
9536
3828
2403
9911
7970
4320
2235
9608
7038
4534
3842
2736
4498
3222
7959
4593
4257
9293
429
834
1470
2496
7460
2490
3027
7545
7732
3646
7622
6151
6503
9540
9406
6354
8945
7681
8615
8213
3403
3005
176
4640
7196
7073
9837
6106
695
969
6998
2118
1603
9915
2595
5595
9772
8901
4398
9177
8578
998
7219
7033
9911
2169
5711
9415
1740
1653
9479
8238
4253
7810
6525
6852
5650
3567
7130
7463
729
2938
1121
8117
8625
8081
8118
2723
8740
2790
3751
3272
8207
9237
9783
856
5740
8600
3944
7621
9755
815
105
9505
8008
3773
216
7490
9246
2035
4483
8312
8913
2823
5229
1981
9954
4077
4894
8826
927
6608
2506
2531
6359
978
4119
3291
564
2517
5620
1278
6215
7687
844
6071
7677
9344
8507
2315
5273
6931
6092
902
8331
9583
1748
4526
9546
7447
2221
2847
9109
4986
8201
3747
9173
7114
7153
98
5812
2795
2504
8528
1296
9625
4962
104
4042
9176
653
1248
4534
6873
2144
1615
3063
8486
8269
19
9723
1914
2628
9741
4215
2024
6543
6218
6556
402
968
6784
3537
884
4324
3210
6281
1238
4649
1848
4818
724
1633
199
4102
9532
2831
2829
5368
1563
9013
7951
2415
1095
9973
5637
5080
626
2040
7685
903
709
2670
3412
7841
5663
8615
7922
2267
6199
296
2645
6517
7182
4512
7442
475
1219
5907
2270
9761
688
4362
331
8359
7638
9446
3549
5159
1909
96
9416
9846
9347
5771
5313
6559
175
1075
2483
9537
2302
8197
1844
3984
486
6481
5605
7409
7743
931
418
2925
2857
3933
7795
2944
3522
6445
9998
4282
9039
1352
8829
6527
4070
111
6418
1750
9633
2880
8725
7347
5084
5666
4056
5731
2785
8458
7360
8883
6606
3471
7751
3079
4184
6927
2620
1365
3950
8945
7631
9608
2871
813
3407
3150
108
3970
8787
8710
1072
7587
1166
5026
8079
3022
6119
7997
3106
3811
7101
735
9268
2912
5930
3445
9594
1021
9813
7934
4504
6123
8117
833
4581
5203
6722
4589
1721
5408
4619
4094
6107
3149
2487
5561
3246
305
983
8870
4232
3818
176
4123
3714
3987
873
3113
5052
5541
550
1175
8099
6115
8148
9030
963
2950
657
1425
5078
819
8671
7339
4891
7454
9022
8029
8394
6325
4898
9522
117
4456
6107
5482
3518
7191
1171
9613
3914
4407
9647
3388
3957
3865
4631
6772
9735
8006
9473
8901
9253
8859
162
3313
4539
4565
8381
2895
781
4107
8559
5484
7709
9413
9546
3030
4190
8175
1176
3365
1588
8167
4085
9044
8124
3560
5660
6289
1196
6385
9947
4056
1531
3225
5348
9221
9306
1889
6737
9715
1098
3857
1019
8582
5021
7307
7201
6020
5019
6017
5353
7333
8188
8515
8857
9595
3308
3019
9268
9644
1572
9456
9858
6763
7662
8196
6639
4630
9561
2369
1298
3437
7790
9515
3208
960
2443
7493
3960
4989
7652
2239
5772
8235
1772
4711
4326
6790
9519
6730
2271
5196
9532
6090
772
7898
1411
7483
8497
1456
1343
5770
743
9262
4650
1065
5607
8797
2033
8320
5889
2721
4211
3142
311
7170
5086
6550
8851
5549
4470
8756
6848
9727
6884
1431
1831
3729
392
7239
1284
3994
9149
2292
4962
6778
1055
518
7808
5057
6011
8191
805
375
4055
9793
5759
2044
4475
4660
4183
3204
9643
4321
3504
479
4419
7969
9946
1180
1669
9255
8591
7078
2155
8673
1788
8491
5842
4036
8195
1286
873
9041
5131
9011
6395
9314
7082
8894
3499
458
832
856
3598
3415
4802
7960
9965
7668
5035
3916
1750
4358
6899
1079
5596
731
2920
9477
1838
4938
1278
1271
4543
9557
1788
8964
9298
2112
7410
7689
7689
3819
4638
6441
4382
3912
8183
4564
323
7350
3073
2359
9820
5469
66
1659
8184
758
8013
3391
6418
4956
6680
3130
1359
1351
2040
3090
8655
7567
6086
5149
1752
9123
4966
3721
4025
1536
1497
5774
5809
1681
3500
6336
4085
132
1809
2852
4358
1176
3135
3378
9533
3821
3118
8821
3690
8191
2569
6675
4453
7534
3776
8858
4478
1469
8663
6191
4919
1348
5468
9513
3363
5737
9020
1383
3629
7604
5017
6304
8228
9658
6825
2433
4271
6135
6209
4453
5530
2908
433
147
3526
990
3741
887
6428
23
837
9328
4760
7670
7566
8372
3388
5568
1688
5604
9671
3034
107
3584
1616
1641
6166
2255
5577
560
6689
5839
7808
1616
9749
4991
5300
7910
5492
3837
7300
3407
765
4058
1634
4513
7800
1683
2561
5422
8490
6914
8245
4080
8299
780
4917
4736
9432
745
9768
8067
5933
7198
4615
5812
5268
6257
9881
2255
8106
2303
6291
924
5539
992
466
1258
7134
5355
2025
5330
1564
6580
5679
5854
6419
2752
1575
4810
790
3758
463
8971
5129
1493
4459
1066
4934
7614
5423
221
7368
9733
5798
6780
6277
9231
8751
8010
4852
1865
1720
4697
2479
2154
7455
2627
3103
3850
2484
2666
1972
1819
9011
6064
5958
372
6538
8607
3617
5330
9653
6186
4068
9861
393
6108
6956
4169
2764
9456
242
3077
6175
9567
8984
170
8757
5334
2755
7160
7608
6720
4209
8740
594
9994
5174
2372
8856
946
4213
124
5108
6987
7458
5480
532
972
6965
8330
5308
1773
5334
1474
5979
993
8893
3234
5796
7112
8363
8005
907
9571
984
4277
460
5567
5269
2868
7415
3392
9800
8307
7148
6089
3952
5025
7183
9004
2400
8607
5878
9133
1258
7338
5736
4486
8415
8142
9625
2012
4762
2672
5770
8593
4978
746
6880
7593
6186
9526
1544
9510
5548
2806
1908
8704
3179
6942
4747
8644
9312
9719
3977
3059
6284
6581
5360
9398
5554
4585
7741
2791
4647
8185
1335
1499
2845
5717
7411
6650
199
1415
1331
4928
1192
380
6071
8369
5315
5285
7767
8810
41
6881
7118
169
5441
786
1978
3859
4971
8330
5610
8005
867
2028
1847
5957
8185
9418
6525
865
8166
4241
8205
8124
1825
358
3968
8458
9293
4576
6625
4977
9649
9125
8555
3903
3544
7045
1163
8721
8766
9042
3289
717
3726
477
4455
385
2514
9207
9652
2447
8167
7663
719
209
3130
7527
2369
2733
3157
5776
4439
9021
9914
7820
6137
888
7394
9089
1765
7114
2540
9833
4917
900
9387
5032
8662
9665
5279
4109
8208
7069
1366
8210
9715
8086
7927
4077
858
9176
1429
3164
8194
1529
822
6751
8217
3009
8226
9460
6004
6998
990
1858
828
4175
4235
2071
2567
2907
3145
7234
6949
2005
6575
5775
2150
2902
990
9026
3043
1533
5614
8557
9374
9921
4325
7802
5474
9258
5096
2271
6949
3430
4977
4974
8402
26
5294
7380
9037
1520
5010
8457
7173
5978
9971
6493
174
6415
1911
7280
2681
9342
8376
4391
9012
2441
3340
5526
7632
7529
4177
6760
2507
409
7965
7255
4807
1388
4014
6403
7250
4925
2731
6896
1715
7863
2304
2192
8002
7027
3735
994
53
8021
4381
3637
8943
2315
7950
7618
8470
553
2549
4432
5556
137
577
3662
8262
6573
5531
3741
382
6018
3020
4151
1019
9793
5991
3461
1393
1328
3961
311
3149
9194
3339
4250
5709
906
5984
4781
6686
1147
8779
789
7367
8871
4052
101
1536
2732
5598
9756
5848
3495
8617
4369
102
8412
1538
3282
621
6213
8425
6631
5744
427
4330
8579
2996
1596
6968
5189
25
8706
4684
5374
3344
2963
4143
7597
5962
4073
4055
5012
8086
9931
4728
8042
7413
9780
2215
4674
7926
6614
6467
1630
3271
1409
2654
1190
305
4546
2252
9065
1820
3922
456
4752
6302
2841
4115
214
151
3507
6881
8566
1296
5044
701
7511
6493
4711
8057
9450
1452
1023
4180
4321
3266
9439
737
1743
4478
4025
9086
6537
5434
4918
9663
494
7415
82
1178
2639
8838
7852
5253
5877
5543
6992
6719
9025
6368
802
7805
6803
3330
2818
9832
5214
4685
1991
6297
5545
5382
8469
7806
5062
2822
3712
3612
5034
7755
9823
5084
2493
291
9176
8818
6479
2952
5963
1191
2539
740
2162
624
1310
5089
786
9255
8827
4005
9090
4814
7987
1611
3609
2511
7519
2812
666
1160
6402
7739
5204
3742
8865
4863
3862
3357
5011
1152
1142
2533
6054
134
2417
6268
7584
7862
2857
9560
2292
5792
6441
5752
695
7166
6882
587
616
1558
9659
2622
1774
8901
4559
9267
8201
3188
1849
3666
2587
8773
7539
5599
4841
5769
6242
6482
2227
9708
7152
7060
9836
9236
3664
1947
228
6584
8733
1475
158
2977
833
302
8741
1663
2829
1364
6777
4494
2623
1624
235
6670
6806
6243
2687
2397
6256
1149
107
2313
6167
3717
4527
956
1314
9432
9514
9184
4998
6217
5052
9821
9709
7257
7169
6217
1681
1570
4578
2768
5803
296
7017
5664
9324
6628
6919
8837
249
9975
2486
8383
593
446
9373
998
2473
3565
4295
4369
1406
5759
7430
5469
2254
8576
3066
5864
3141
2965
5817
6166
9405
8480
3024
9540
5297
6313
2747
6141
1056
9671
5419
8463
6101
6950
5265
3511
6772
8698
5375
4686
1037
1822
1913
1
5213
9126
4944
7680
6134
5618
8073
719
2806
4471
6037
889
8376
6636
6489
9932
6263
3823
6366
6302
7023
6737
6830
2490
2451
294
7818
9448
5634
1821
1852
5701
2855
5002
4476
5124
5586
5753
6873
2615
8085
9715
9317
1027
4945
2184
9405
1820
1026
2989
792
9106
4001
4182
8745
1685
6455
9996
2292
6899
2054
9064
8847
6338
27
7581
9060
5218
2439
3449
715
8850
6410
6343
3127
9808
4806
1784
7532
1558
2640
4041
9621
2146
2791
2295
3057
9487
9023
3287
9006
2925
3969
759
5171
2590
5670
379
2685
2929
4766
4536
2943
8411
7990
7976
5804
2126
2313
2053
4116
6486
4168
1663
215
6439
3214
5235
6800
7639
7472
9420
6269
3665
7785
4613
3431
9254
8586
8357
7857
6663
7204
2336
1332
6600
1005
221
758
3024
9515
3972
5697
7074
9419
6015
9537
8489
6466
134
2717
1328
311
3594
8376
7
5958
2971
9974
5793
4134
2746
4213
7016
5709
2067
8401
9275
7341
2566
8157
8005
9761
7119
9739
151
3427
4987
2549
4049
6915
3030
788
6322
4379
5504
7611
3389
8496
6711
9083
3600
4598
5739
6507
3316
2918
7682
571
9773
5672
7837
8439
6185
1586
7886
9220
5044
8151
8567
9325
5643
8013
8164
2800
4408
4899
6498
2474
7875
6479
4176
8084
276
5091
4273
7841
9869
2499
6668
5067
8399
482
8471
2526
18
4224
1775
6815
2074
1953
8799
8259
4642
6496
489
3785
4827
2895
3944
1387
7436
4028
6370
9223
9398
1444
239
9835
842
3907
2460
2028
8013
1139
1781
690
7821
9983
9960
7755
8067
8426
8790
386
1250
7591
4293
7078
558
5997
9175
2932
4437
11
989
6229
9548
5271
726
3398
3313
3177
9443
9907
5944
7873
8764
6760
9643
4470
1882
7036
4517
3521
8754
2420
8113
2457
3242
8087
7180
4189
5597
5827
7250
3791
1468
7403
908
562
201
8843
2033
7877
8313
9951
6721
1164
8882
5112
2979
8870
2257
7570
3707
5608
7582
5104
7735
216
4542
616
6952
8105
8400
3634
3494
7299
2126
6592
9206
5810
6844
7657
802
3359
1484
4567
1717
6724
8235
774
571
7105
3190
4576
732
1729
335
5901
1709
4918
2151
7293
1830
5025
4010
210
2690
7717
583
1599
2502
9093
743
4723
352
812
1955
5883
170
1271
8178
7755
8926
5323
269
6246
5838
6183
517
7613
7072
7567
4304
7089
8606
9517
5286
362
1495
8153
238
4900
2386
8037
4993
7746
4175
9773
3904
4987
4118
2292
3357
3521
5901
1480
8211
6745
1845
4806
2693
5058
183
3553
2935
4442
6838
1318
8367
3491
8540
4346
8173
7281
2325
1570
2257
2585
6382
6433
3146
6865
2934
947
2038
2350
208
2329
8371
3076
5311
6661
8975
9364
213
5021
4778
4701
9549
9487
4783
8340
2046
936
106
5859
1265
1238
951
7300
1985
7459
1335
4659
7661
1522
8336
3202
9756
4700
6401
8679
4886
1549
7596
1507
5914
9335
7135
6013
5231
1574
2034
10000
2048
8350
7022
9773
207
434
8
6644
8507
6097
9388
9992
6447
2031
8072
934
7362
478
201
5080
7767
2470
351
9011
6282
4251
9041
8228
9572
2218
9273
9450
644
6361
3231
8507
2725
7721
8580
9456
5654
3111
8571
576
4809
5718
3751
3920
2562
7682
2173
4730
4160
1007
5177
6041
6803
6481
2815
2226
8800
2589
3982
2447
8081
4420
2328
1145
4048
5994
2919
8947
8341
6486
7476
8961
2206
9395
7922
189
944
6582
3823
4937
818
619
6044
4342
7943
1640
759
7521
9344
2769
1149
6674
459
951
5909
6257
3323
3190
7336
1217
5672
7817
9677
2097
9515
7303
2590
167
5889
6326
7633
6731
4419
3958
3047
8091
9179
7309
2033
115
5306
7838
6376
2948
2917
383
580
8805
7295
2231
948
9063
5399
897
6329
950
2106
2551
2204
5362
4214
7536
538
587
1721
3574
1817
8655
1810
6264
6750
9457
4632
8064
6940
1367
7956
339
1226
6717
4835
5269
5327
3658
2580
9816
8317
3983
7837
7217
6598
766
2097
3116
4257
851
2304
2651
7185
9684
841
3322
6039
5312
6087
3885
6783
9572
7526
5543
4491
7800
1166
8708
1988
4604
2322
2087
1278
3194
2999
1732
1417
7503
9511
8729
2592
597
9272
1881
6576
3963
8576
310
6043
9250
5382
2415
7237
2843
2544
2978
5413
5480
7170
4446
9370
9181
2918
2752
2104
3598
7574
5526
8968
6637
8618
5127
4102
137
8425
2971
3994
8340
9050
9468
8155
5395
4528
9718
6610
1350
3176
9894
3429
2184
332
52
6818
5920
7659
6415
3908
9207
8656
9557
6887
1544
9215
8973
5611
1347
132
2756
4132
2126
9280
1447
1577
3055
4962
4635
7583
1227
773
8816
618
170
3650
3635
210
6476
4915
2358
1455
7649
8502
7556
193
978
3687
7712
3777
2748
5868
9209
3763
2950
7035
7210
2195
4804
5541
8616
5512
8155
1510
4311
8106
3097
939
3975
2756
3650
2709
4100
9526
3037
6150
8795
2003
1546
5179
2694
6750
5503
7258
9498
7330
7476
5789
171
9783
590
1072
2476
7349
4248
5413
4271
8325
5435
2768
7076
8026
6236
1182
3716
8540
1631
5594
6626
2922
8291
4674
8171
6214
6125
2515
4079
1237
5463
4735
7843
1466
779
8079
3789
6159
6933
9210
8185
5160
895
955
6436
2300
6168
1324
2656
6957
2194
9231
3399
735
9664
4243
6390
9981
2630
3906
2512
3888
6651
9594
1612
2753
2555
2164
7332
9419
182
536
3149
9651
1974
6297
8384
8585
5425
5765
4702
8412
1236
5620
3068
7202
164
5078
6106
4406
1006
2214
505
88
7716
6717
2100
193
4380
7387
548
6674
4847
2935
9781
1627
7668
126
47
8293
4926
4627
3723
6237
4166
1206
4500
4883
2414
4763
5849
4817
5157
929
2001
9005
4312
8797
7492
2711
6933
1987
5908
3184
2592
9252
7354
4270
3630
4927
9548
8486
3094
8570
2225
235
1018
8911
3642
3856
8390
4978
3531
9709
5374
8437
6911
6981
97
6614
9963
5261
555
3466
8113
9892
5129
6520
1218
6416
570
4444
8605
4522
711
1842
8590
5361
1438
4915
8901
1988
9044
271
6317
4514
8677
1715
8422
2656
9627
8779
9722
2631
542
2575
7677
8466
9021
6922
4441
5936
8298
8182
7120
1447
9510
9206
9897
2408
454
1018
2379
4881
1132
8658
3234
8759
9580
4401
605
4217
1389
1949
5995
3198
6841
8663
7362
7193
6997
1778
3886
4642
2349
3157
9449
2240
350
2441
8808
1372
7905
9714
4830
9674
2734
9542
2624
9742
5686
1433
365
5568
7265
3067
5521
1101
523
9127
6291
1234
9190
2253
2906
7614
9660
2933
1723
9533
1869
1380
571
8991
6581
7803
6770
9807
366
332
4398
2275
5498
948
5408
402
667
1155
6409
5451
7672
7826
8453
9438
6473
9397
9567
9250
7854
7659
3856
4347
919
7642
41
9467
5978
3140
4389
5616
4584
5000
4860
4526
513
7699
1133
2098
1758
6648
2892
6727
2866
2758
5974
6833
7225
8916
9874
3743
8786
8645
3403
8870
5403
4481
5419
7714
1157
473
6938
5061
1
8139
7576
965
479
3278
3328
5599
5396
7616
7366
7447
9821
6243
3687
5868
399
105
4935
7096
8829
4286
9989
5255
1635
6304
4860
4111
1748
5792
9632
2999
3460
1069
26
7704
1066
6861
7501
664
5288
706
1631
8573
938
8318
2082
303
1301
341
4838
1107
9343
3092
9679
7115
9501
7948
5550
4073
2103
8669
6070
7416
6970
1090
7264
9077
5302
3150
9125
8979
8067
3089
2667
2223
4729
1553
346
5161
539
6359
989
2327
1045
5322
9544
301
3062
5629
4478
9807
1187
4226
8211
4805
340
2253
6886
4554
8079
9122
35
5680
5420
2264
5394
638
9417
8123
9072
6140
8941
3341
4056
3851
8858
5102
5084
5780
700
371
2672
8418
9619
3373
2277
5883
8429
3669
8451
2198
2585
5907
7867
6915
7595
1291
7181
3915
5719
1070
1384
7098
1407
6014
7302
1546
3818
5891
5206
4797
8203
8519
2597
9821
1514
3725
3856
6889
9307
794
1669
9888
2693
4044
1959
8171
941
1895
9287
8844
2148
5824
946
5061
4681
8362
4067
3642
9992
5579
8626
4931
9885
882
3116
6883
9426
2249
7090
7811
3525
7224
7550
406
1620
53
8808
7509
7719
6308
9599
1713
7143
370
9398
7912
5370
8467
328
5822
5266
84
7811
7274
5308
3243
6899
5083
3612
9650
2647
6481
4920
4482
2912
3775
5925
7520
3826
532
9145
7826
9389
3749
6423
3851
2895
6972
6628
7205
7183
3020
5839
4786
133
7121
3785
882
8468
6015
8762
9898
8355
4013
8604
2857
2454
6921
1774
3937
657
1616
8370
5670
9689
9093
2950
4347
9305
7921
865
1644
863
8824
9647
5090
2156
1062
436
8386
6662
7552
2945
1249
3854
9573
611
714
8608
1673
7741
6944
1681
7383
3636
1562
8384
2150
7653
3158
2047
5273
2967
4620
9086
393
6396
5871
2338
9753
6634
211
7992
7699
773
9154
3779
527
6993
5605
5346
7545
6927
3629
3784
8179
9202
2443
7758
2848
1998
5422
279
1063
1529
439
8832
4235
4270
2370
7413
8321
1809
7868
1649
9202
1521
4395
3160
7216
4155
5254
2846
4818
8198
5267
2579
1768
8071
4259
7069
5256
729
3093
4290
8110
5947
3228
471
8720
8982
7223
4108
7903
3394
1255
3044
7390
5493
9703
8121
8133
1284
2079
5346
6874
9420
365
2422
8050
5032
640
8663
9655
5444
3654
6547
6559
2733
1783
1509
5178
7469
5493
5535
2497
5047
3606
8710
8427
6429
4158
8959
9372
6553
5607
2562
5080
3961
6917
4258
8297
7857
5049
4073
8730
8832
6127
1127
8159
5228
4851
8481
5484
110
2728
4302
4319
8819
9658
2327
8130
7220
5166
2201
3449
3527
2190
3575
8251
8255
9928
4008
5714
9796
1292
8591
5227
2588
3823
9599
3932
1071
9301
6407
4883
1593
5147
9531
2802
3438
1804
6292
8560
404
1470
5064
1991
4977
9367
8265
4337
6254
3593
6497
4113
5638
776
4422
5336
3963
4634
1668
5074
1340
5307
1270
3936
4150
3420
121
2538
9826
1705
5568
4464
5126
1721
2812
4532
9175
9449
2348
9661
6408
5848
8125
4261
770
4329
930
9899
430
1180
868
5983
4740
6915
4754
4902
9098
8999
6394
7741
5325
5149
8597
177
1663
3869
5732
3728
3296
8306
3172
4618
475
2975
7616
3394
4795
2726
9904
3957
6390
5446
8600
5559
1973
6019
2012
5660
6011
371
5334
2706
951
2439
1424
5034
8516
890
8725
808
6138
4988
5676
8768
6753
5499
7920
3676
8996
690
3499
2526
7522
2534
2601
2110
2271
1990
9636
9149
9128
4114
7040
9298
9927
6131
5771
5242
2042
8737
398
1959
5800
254
5972
4030
3553
6213
6550
5145
3677
273
2039
1194
5403
5305
3846
575
9510
2535
58
8607
7147
6846
1824
9489
960
1363
5218
5452
1216
2316
8610
384
3120
8213
4044
849
2424
3226
6783
4865
3196
3658
6164
5288
9132
2403
1860
7922
9940
95
7485
2512
5093
6723
4676
5494
5691
3509
4173
5431
2272
2277
270
3225
7082
9516
8779
9295
5595
1807
4700
7685
9879
4549
1554
6633
5816
5438
6134
6204
2287
4096
6046
9347
4956
5636
6247
9910
562
6778
6387
4864
7162
5294
4892
3485
7575
3276
5416
1489
6829
3683
4161
1104
9619
4451
8814
3731
9879
2177
6745
2220
7764
8165
5537
6711
303
2438
8732
2080
1281
1309
6138
1296
362
469
1476
5835
2737
3948
9927
381
7768
5328
5785
1462
729
8880
7511
616
2639
9296
9269
7178
8810
3226
4336
5965
9754
1632
8198
7134
655
7550
1859
7075
8947
3828
1325
4897
2697
3366
7496
6996
2901
6295
2229
2339
8044
8515
6545
8034
3778
5970
7777
8337
5372
9612
9493
8459
4718
8345
6424
9120
4348
1047
7430
1052
3985
3523
7511
7775
3348
7276
6507
816
2100
9146
8258
2003
3926
5597
6103
8371
3702
9556
8238
1075
4816
7298
4799
3252
4221
8156
7746
5465
988
8396
4702
1592
4118
2069
6809
1138
2063
9019
9213
1396
308
1394
823
542
3171
2784
8446
7181
7683
9220
568
2340
1767
9143
995
2509
3166
766
4457
3646
2104
2293
2672
7663
5016
5811
7190
1202
6362
7060
6339
435
4721
9548
1147
6251
6309
9539
8452
1978
1794
9704
73
4137
7141
4060
407
4768
483
4993
7891
5106
1538
7557
9740
6348
9647
6364
5291
6499
8415
2009
3837
3935
7372
1876
1321
6078
2693
9219
6513
222
5201
2443
7835
759
9612
695
9389
9268
3581
574
8430
489
9477
4406
3808
1512
3476
1321
4478
6709
435
6683
8079
2840
1073
314
2954
4633
5558
7582
198
1944
774
7774
2753
7991
8531
337
5164
8208
8018
5629
9974
819
8257
1448
9353
6270
5727
2730
8881
7278
9378
575
4837
9269
2857
4443
4600
9862
1804
5610
5017
3914
4546
9479
5703
4382
2588
5881
3685
3952
209
9866
4204
8081
6568
6762
315
8753
1788
2160
1945
8276
3302
9797
7213
5524
6180
3123
4824
8109
6603
2116
3349
4949
9749
6912
9839
9975
2368
9359
4977
8933
1558
7663
4550
9246
3404
1186
3894
2603
7248
5334
4421
7831
4875
2669
1454
4868
1680
6182
1914
5531
5856
7538
4372
5916
3151
8222
2854
3116
6636
3512
4450
7378
1782
4659
4447
1109
2911
4134
8801
3286
5806
4301
848
4253
1186
424
1068
5253
5363
6587
3556
6324
3627
6223
3297
8347
2181
6284
6877
1341
3376
7241
8070
7006
3585
6105
5028
1284
641
8625
5726
8072
6961
3914
3761
4183
488
316
2105
7248
4605
8126
8664
1413
7653
1224
1220
3476
6027
8857
310
3403
7723
8905
9545
6077
1585
1950
9148
9502
7883
7960
760
6421
1348
5002
9470
5934
3028
9879
1192
2246
7335
459
4049
6710
6662
7247
7657
4137
5793
9063
4006
6879
108
7561
2428
4485
1134
6291
8298
471
7042
2410
6557
6095
465
3196
8084
8235
3347
3302
9077
2630
8385
7182
6819
8895
437
9105
5569
102
5467
5961
5899
4921
3991
520
7068
5297
3582
5217
9352
1053
2692
8210
2116
8639
7657
6647
3309
5283
3982
7899
8374
3687
1125
8987
4161
8704
9300
4296
4909
7755
6389
9459
3949
6252
2109
5419
7849
8606
812
3279
2844
9780
9814
7184
3702
5801
9327
8885
1765
6547
1399
5055
3431
4789
2596
6468
6643
5336
570
4232
5592
4550
4653
5158
6597
4211
5441
3871
8388
2395
7160
5251
2246
4841
5317
480
4875
4319
5057
8072
775
6729
833
7263
5841
2335
3004
2346
4647
8369
4808
5335
8388
8571
7538
7312
3260
5629
9999
746
1992
83
57
1815
1210
2242
5499
6352
9419
1432
1192
9414
2638
6932
9724
4346
3127
5339
2287
5714
3854
210
2691
9806
4524
9762
4125
2423
5493
4248
9607
6944
6548
4738
8450
9830
2026
3381
7103
5591
9763
6114
663
3374
8999
7295
3501
6260
420
5490
6014
2083
623
1303
6567
113
35
1465
3339
2698
8864
6141
9865
5914
1109
4633
8786
9641
708
6469
1066
3171
919
6941
5276
7313
9266
9720
84
1241
2378
2486
9464
5530
9438
764
7865
3638
5958
2305
1132
4994
9621
8577
1516
9357
7908
872
7491
8093
2075
7939
9219
4991
1686
9358
8392
9494
2898
6659
5669
918
3483
1047
7177
4540
7282
7953
5778
4769
2247
4048
8492
7946
3947
7312
3002
4136
5559
3972
1382
1528
5336
5129
9914
9568
9277
2231
8845
5563
8025
9704
7880
959
3839
8255
9945
8984
2870
5608
377
2521
110
4583
5190
6836
4179
4673
5495
3408
276
1235
535
6489
339
6776
9057
9714
9343
4085
7622
1963
2468
40
5615
9908
8966
3259
712
4344
3620
5647
6269
8656
6532
8120
9354
5031
3003
5213
3188
8877
3960
1735
9992
5545
8645
932
1192
9697
8468
3128
4917
9873
1557
8467
4855
6721
6011
6832
8000
7978
1804
6467
2064
4790
8899
3542
9557
6967
602
5929
4236
3967
9768
8918
2055
236
6467
4681
1151
5604
9235
7545
7266
3737
9616
9909
2116
7557
7774
6608
3366
4504
5246
4822
6756
6472
594
356
3994
9843
4203
5118
2112
9774
7880
1685
3250
5221
12
3827
4534
4305
3757
6999
2108
9401
5089
8553
4951
2080
8074
8180
7568
941
8882
447
4399
2484
5986
6425
4667
9584
785
4784
4422
3344
581
5001
1775
3459
8478
527
4671
8330
5733
8492
1206
4028
469
9004
2473
1848
112
7579
5006
8650
1639
9625
3196
8211
6511
8997
2710
6804
6012
339
7291
1228
9511
4236
5769
2157
8854
9173
4300
6716
4591
1044
7615
7876
5966
6626
3181
8583
8525
2201
4935
1672
4709
4555
4434
7910
8431
9132
1120
3057
9022
2456
3905
310
1612
8726
9965
3050
5609
718
1156
8894
8406
4219
3689
5420
8451
6346
158
7429
7578
8933
6833
4848
5755
1072
8145
1290
8109
7729
94
9127
1580
9110
3301
7274
7557
9014
7138
4859
8038
9127
4905
2568
483
2956
4195
2414
9241
1365
4548
4119
9564
5993
5523
5030
2214
6086
5890
2215
9712
4978
4006
1130
9886
5208
9564
5310
9918
7795
5181
9696
1171
2323
6640
8034
7207
5298
8437
7704
7148
9047
9985
2889
9480
5397
4643
1184
9331
7406
7157
5915
7151
5533
4512
6187
5473
8247
7000
7159
6009
1763
4882
6047
8355
848
1141
9087
7804
512
8174
8160
7103
8648
6510
8942
4896
3435
6414
8202
1385
7406
6577
7119
3792
3774
2138
6152
4302
356
6186
8713
644
7619
5305
4158
2602
5737
1556
3143
1776
4392
5754
3581
6722
7628
1417
8259
1015
9123
8629
3458
7021
16
6473
9896
8619
4179
2880
67
4090
1153
1746
8271
7927
5413
4257
4030
6866
3791
4543
5429
120
2195
7181
6010
5814
470
6728
8614
9444
9419
3348
9476
2405
7520
9754
4270
5757
1593
9189
8200
5812
967
2170
778
3216
9044
3224
5638
2021
3113
920
2423
184
4172
9571
267
6795
5382
2540
6463
8566
6883
3
6923
9816
1764
1608
2888
4735
6623
1845
829
4807
7307
1177
5024
1489
9661
3909
2312
7123
4186
2157
9755
5135
3251
7319
8288
8476
8011
2736
4103
8797
8546
2085
4657
8039
8756
3508
8006
7752
7488
1742
2976
8051
4299
1344
1617
4277
7330
1321
1560
2620
8785
2913
7775
4965
7369
4271
1462
1075
3401
4573
6986
6844
4810
949
5176
634
2636
7732
1414
2393
4862
603
4238
6464
8285
9797
7312
557
9278
1105
9360
7829
2885
1206
1588
7711
2817
5250
3120
6123
8206
9040
5268
2736
8515
632
5224
1883
7158
8423
3251
5812
6519
4765
1645
209
7268
7219
6240
1600
9952
3339
5401
1597
9630
337
4108
1950
1229
8096
293
2168
8508
2719
2446
842
5531
8001
4210
2442
9532
5280
3967
3961
578
294
4479
125
9716
4222
2026
6547
8270
7624
8771
3359
915
8368
9085
8978
7331
9350
9141
3430
8675
9662
8795
9075
3865
1269
8052
7977
4358
3078
8274
2290
7729
7694
232
8171
3132
4160
2056
982
6120
7941
7821
1782
2681
268
2176
4200
3723
1731
7100
8134
5600
6402
8334
30
3488
4784
3800
7302
524
97
2072
1736
8873
955
2075
7809
7209
6037
6723
9126
8193
4123
6398
7436
1467
8806
2970
4718
2192
9531
6005
8422
9071
5679
6522
6162
171
5117
2944
9326
8841
6815
1508
9046
8146
2699
7692
8398
8926
1661
1432
9281
5068
3119
5274
5073
4387
7508
5981
5770
3563
1555
9425
2366
9931
183
82
1844
8004
9944
4390
9045
295
555
2744
2468
7877
4988
5808
1559
5861
1804
9160
4691
2025
7759
4012
1468
6275
6155
5630
8335
7584
4305
6816
6003
6558
2065
2419
5879
9829
6325
2249
3122
827
8107
2849
4518
7863
7919
6910
3830
2759
6619
5315
7204
9414
6923
1817
7506
1839
8159
4911
6268
1235
8510
2596
8209
2426
9144
4969
6419
1167
4581
8891
2103
7259
7425
9614
6424
1092
8851
9833
3224
8230
8247
8984
9128
9921
8756
2555
316
7246
2469
9869
5848
2752
6606
540
6177
3073
4138
6200
9529
436
3983
2753
3947
6612
7079
2510
7463
1100
2182
8556
1558
1510
2280
7308
2128
8561
8916
5571
4918
9490
6220
3051
6632
5580
5288
2151
1563
3409
7395
1902
9344
5266
6993
9712
6173
4193
3389
3352
9411
2733
2109
7018
2271
5162
2302
5629
5813
7324
8439
5072
5799
2084
790
9200
5350
8982
2410
4609
2706
8990
9376
4599
5827
1246
99
8518
1126
8847
9392
9400
5423
7562
8028
7172
3633
7714
953
6742
921
149
32
1812
4322
5835
2594
9296
3345
3939
4943
4187
1762
5
12
6943
9675
8517
279
7129
8466
5716
4999
1038
1411
2620
5292
5292
7127
4212
3750
7308
1178
5495
3672
661
4289
8657
9212
3471
5227
768
7518
2938
7648
4045
53
6375
8375
4323
3745
811
1363
9678
5702
3425
1759
1748
8442
535
5178
4430
2911
5620
8457
4862
6809
1644
5563
1136
5572
4246
3147
8646
984
9155
1717
4053
7023
6470
9937
5726
7480
4387
6324
4748
9267
7493
6608
1325
2667
621
3495
9760
5079
631
7599
3664
5366
8794
8514
687
4532
2420
3987
8148
3382
5695
4392
7014
6726
2036
7456
8193
2589
5196
7483
6496
9861
2018
7962
3050
9322
994
8724
3488
3471
7429
1128
7873
5568
9712
1506
487
5016
8054
819
6538
1731
9127
599
6995
3309
3577
9935
4133
6346
2897
5751
1900
3919
8612
9441
2668
8218
6258
387
1692
110
9800
3335
1597
6551
2030
3499
9709
8376
9821
7619
1843
4631
8799
7611
1805
4034
6253
5598
5915
1059
4403
68
5783
8663
1122
7679
3986
9345
1705
8644
4793
5369
1271
624
9421
4991
3521
4597
6331
1173
4773
9191
5964
1505
2218
7689
7723
2854
8104
2668
5853
8780
9172
4178
8379
4153
9149
8459
3395
8445
7760
2792
3516
5771
2592
9218
6045
3895
7455
9553
2859
6517
5908
9120
8914
8933
9789
7993
6620
7649
4985
5142
592
7454
3563
7758
4734
2843
3377
8249
4336
1512
4130
5579
1776
6901
1342
2906
2828
3912
4163
2517
2867
2386
3776
2058
5907
1085
8860
1518
2711
5039
1380
9393
778
7861
5514
2410
8709
512
4284
936
3774
2260
3292
1719
2456
11
9354
3599
5816
6015
4637
5155
2043
2221
9035
7736
3932
9488
9829
565
9612
8411
5981
3269
7184
6786
7301
9825
4795
9471
3481
479
3337
6546
5411
9409
5619
4900
5109
6968
5768
769
4962
8132
8342
1209
4863
2608
9949
8456
4176
400
2144
9137
9803
7804
9952
4497
8488
5090
3069
7545
3672
2112
8993
3156
7562
1102
7108
9062
9241
2200
8912
7349
6038
9200
3093
2631
7737
920
3250
3916
6031
1650
3360
6480
4362
3931
2938
5869
1259
2236
5906
3138
105
1729
6813
742
957
9992
8809
3263
343
8229
4162
7144
461
4300
3301
2130
3225
2325
6187
2591
7013
2614
9083
8199
4721
8006
333
8354
340
2629
5028
4688
9786
3002
7347
1745
6099
8577
7741
2895
6827
8115
2115
773
1213
5467
7957
8114
1251
2975
4597
4910
7415
8038
7674
956
1658
9637
8605
5890
8062
3554
2900
5795
3204
4890
3900
3853
6739
3146
5057
6053
3802
7120
1
3243
1637
2513
8112
6985
755
682
8444
5159
2695
9500
2185
2533
4227
8043
3036
3771
5861
3338
5882
771
9910
2005
2711
6796
1305
5470
6845
3784
4058
6398
5312
7826
5510
4735
6477
8049
3395
6225
9753
3266
5052
9682
8737
9875
9931
3125
9905
63
325
3344
4201
534
6454
7499
7110
5399
4278
7405
7386
3649
6464
5509
8637
1713
9934
1620
3555
3702
3441
2280
9044
5892
7006
3867
2968
1709
451
3787
8457
2347
6985
9416
3467
4741
6631
6102
4749
8088
4375
3262
9454
4350
5832
1763
1410
6689
1183
4374
2295
9501
7250
6919
7675
8760
9624
7193
5043
7712
4999
6183
7880
3703
7918
9255
9803
5671
9164
6596
6721
5575
3176
7048
3482
2656
813
7332
5158
4993
6170
7643
3427
8184
7121
5730
1698
9420
2601
6046
3444
6060
4367
3696
2608
8599
8
6369
9134
9699
811
7072
7509
5521
4178
3981
2048
8780
4516
1927
8227
2877
4176
1988
4451
9380
7773
7099
7869
6395
1876
7309
3651
2786
2006
2654
6652
6533
4872
2304
3008
9029
508
6361
6258
37
8941
3831
537
5849
1484
5711
3588
9259
1861
5689
5607
9488
3700
3107
1546
2658
6164
3577
6807
931
1942
4340
7416
5427
6975
2780
3463
6615
1195
1461
7984
9985
3251
8970
3447
5025
8647
9272
5332
2674
960
9437
6920
2386
9044
7426
2594
491
8485
7354
5913
7450
4737
4089
2251
2922
271
3300
1117
9066
3337
7963
9893
4455
5268
9161
3285
3005
4606
9565
4538
6153
998
1691
1459
6338
6880
344
6544
5867
6886
3518
6554
5384
9982
7578
7553
6440
1392
3180
2190
5655
5362
328
3860
6564
6554
1956
315
3485
5148
7023
7574
3753
1964
9786
4309
5487
4640
4435
7854
5618
757
9051
8139
4703
9108
3524
7904
2603
6672
6073
1490
1260
8903
9057
6576
588
137
9945
3910
5778
1329
5237
6394
2753
2172
8457
2294
213
5195
6214
2115
7142
3568
8625
1136
6789
7680
9757
6307
8464
2733
2259
7537
9788
115
6752
268
736
6535
7459
3399
2266
8320
6715
7580
9409
3585
937
4826
9377
2873
3344
1297
4004
2046
4197
9871
1715
897
3580
8427
272
5079
2759
8537
6562
1018
5813
2831
8437
6408
8028
3359
7663
6665
4324
9014
4239
7692
9828
7168
4811
8096
4269
4632
2519
5419
8142
2232
6640
8434
9854
2522
4960
7727
8331
2777
5444
6188
388
3420
5753
1755
1799
1462
9469
4782
964
6551
4209
7656
8358
3007
5208
9117
9231
109
8104
3288
129
3245
257
7395
1510
3876
2295
6089
4425
6174
9892
4633
295
4751
7695
5977
8528
9025
1649
6968
687
7121
9767
5770
1192
8745
2476
5949
1324
2056
476
6784
8297
6469
4467
7645
4934
5864
4184
7468
2880
3506
6731
1429
1084
4882
1532
1171
7058
1536
8423
3001
6100
46
5383
9264
925
4291
9951
7500
9196
3677
937
7303
8960
4752
6761
8135
6577
1482
6681
8089
8280
8651
5804
1410
5408
4183
6687
1549
8081
6729
723
710
4199
8158
462
3773
2274
3746
969
3494
7242
7841
4564
4067
5183
7062
6449
7669
5640
5006
6392
9933
320
6175
5908
5202
6905
9698
1731
6333
4004
3426
1574
391
9769
4865
2810
9678
4098
2594
9231
7689
4670
2055
3053
3713
2389
237
9962
279
4196
4631
8813
2064
6894
9839
7389
1604
5583
1783
5219
7306
9759
8385
6759
9563
8999
9876
790
101
4485
277
6856
2898
9708
4087
7005
2431
291
4762
1492
6431
7048
8881
284
4722
3818
8511
2439
5286
9826
299
4095
760
4827
3888
6449
6513
7495
2937
3844
6894
216
1841
3037
6081
8262
2995
7188
9092
6560
5084
927
1953
7678
7955
3253
4137
7944
3631
1801
3391
1806
6847
4691
1621
9747
9605
8230
278
4348
9605
3930
714
273
5622
1330
2310
9240
4380
9255
2856
753
2586
9224
1079
4627
3618
5293
1399
3157
8752
6698
5894
3242
9669
397
885
9518
3640
2000
657
4119
5554
544
3241
4629
2389
9797
1367
2663
5056
5589
4597
3935
4658
5080
1183
395
8414
6417
3709
7978
1226
6837
6674
5065
3065
4316
1156
8386
7710
4767
2648
8385
8561
9983
7857
8861
771
5062
2550
6231
5284
6824
8026
7482
1966
3812
1725
8464
7460
104
6760
581
1010
6233
6280
8184
8299
5441
3490
8530
4296
7514
1897
8448
136
2390
5579
107
8517
5144
7345
2382
2669
1412
5573
5994
4385
2158
6131
7985
582
6062
5984
5060
9010
576
2372
8976
1124
7063
4758
3179
553
773
7021
7081
832
8520
4520
1878
8810
1610
274
1106
4781
537
5215
2008
2396
6425
364
9904
4912
947
1309
5946
4512
3810
4847
5221
5710
3515
3330
9526
3670
6842
596
7024
971
4549
5327
6289
5888
2676
2528
2990
2289
9985
1594
5072
5527
8219
5441
6460
8284
1942
4482
6478
1088
5839
5072
5944
273
8586
1469
9487
2564
4727
5348
788
8905
1270
7517
499
1731
8902
7916
1491
4615
1954
8546
8831
2600
2214
8475
9315
2023
8720
1640
7238
9308
2562
6065
4144
5806
4228
1816
8910
662
9497
5477
5794
8593
8158
4588
4603
3054
4550
1843
4223
8393
1373
2666
7291
302
8350
4529
2375
4769
9311
9549
2568
9888
6555
6235
6337
6284
2644
3429
9357
6825
6244
964
9026
3800
5771
6052
9774
7942
7825
2685
8914
36
6987
2469
3157
5353
7474
2184
9263
4310
4302
3626
4453
9511
7949
2991
947
2864
5659
5685
5475
6321
845
2716
9247
1848
932
7783
4342
8550
8527
6914
6102
8169
7031
3215
2809
4770
3634
3353
6369
6133
9760
8738
2258
4880
9823
6823
7017
9081
836
4135
7161
2196
3354
7740
6161
7231
9125
5880
6732
9381
6698
5118
242
3001
9905
1060
7592
2739
5381
1705
5989
3218
6118
7858
6716
5256
4500
8906
6110
4521
1248
4353
4965
7722
7789
1787
9855
1610
7623
5978
2428
7033
6888
4068
5769
2915
6595
1230
3361
1245
4040
1450
7902
5471
7646
2804
1644
9237
3334
7508
3188
3890
8299
7867
6434
3817
4032
7939
4415
8425
7252
9977
3318
2914
4915
3237
1969
8442
2740
7806
7352
3158
7380
7317
6798
6492
7097
2388
5279
211
5896
4760
1175
973
2087
7149
9725
9084
9773
7615
1460
5352
5375
3972
6135
5679
4835
316
1091
7779
8267
2650
3649
3997
3233
3091
7812
8266
3102
7908
8662
6686
8709
866
4350
6371
2635
3008
1971
3473
9583
9775
9062
9718
3988
9489
9508
2662
3855
5217
324
5540
5467
8763
9827
1788
8265
8899
3749
4724
5245
4594
6368
5292
9855
4856
4134
9860
617
7338
3356
7821
9453
6094
273
5334
3970
3420
4681
5602
5640
7047
4785
9869
7560
2946
720
5646
123
8209
3788
1890
4383
45
7319
6449
2458
9303
3946
7286
334
7208
9699
3351
8706
8929
9093
5935
6622
7301
1027
2804
6751
9849
6497
1217
7478
8790
1459
6379
4087
8891
3957
853
37
927
5831
3609
4813
5262
8028
3105
5239
5675
4373
5020
7642
4789
8257
9320
6699
6463
8216
8389
8543
3588
2847
258
9665
3518
6394
8652
270
2806
7511
9674
4715
1073
2365
1786
177
2373
7597
8687
9604
9113
9985
9779
1023
6041
1087
3961
1184
4031
2678
2978
6413
6851
7212
9453
2391
4488
144
4203
7663
1279
5294
7522
9487
8193
491
7479
6762
5352
653
2446
173
9919
8144
6721
8450
6610
1836
9950
8780
7451
3727
5148
4601
1007
437
3398
2
2997
2533
5775
3643
7158
4573
4402
2020
5818
1917
6789
4467
9617
6844
9656
2994
6697
3726
6249
4702
6393
6859
6460
2794
5477
626
4287
6375
8877
6116
3367
6433
878
5863
6482
132
2439
5756
2765
9157
2379
5213
3374
968
1909
2008
7823
9404
1860
967
237
5487
7325
4585
9142
1639
7349
9312
5737
9514
6866
5753
3505
1502
3656
6346
3417
6399
224
1281
3537
5170
1637
7371
9265
694
9851
2970
6586
4927
8693
3893
4091
2591
8495
276
3621
9228
3713
9833
2506
5797
208
9249
7347
2502
533
6299
2413
1621
9472
9484
2114
2038
4764
8942
3465
3842
3712
5638
6111
5887
3984
51
1352
2939
365
7998
9827
9321
3322
2530
3126
405
5295
9185
9942
8645
1250
5153
3776
5074
6959
7003
233
7348
9086
5407
9188
9403
2954
4547
8102
5622
4808
7160
3359
1135
6265
4636
2943
2311
1871
2188
5152
7183
3743
8166
4848
1565
6451
7044
5322
4422
2367
5041
1774
2654
153
789
7580
5380
3244
8021
8009
9290
5627
3829
8078
4421
6999
4265
216
4511
5689
459
6880
6332
1696
6085
9744
4183
2384
1746
5984
3098
7864
4547
4424
5648
5497
4924
137
8195
1097
3746
5169
3033
5236
7966
6463
6057
2909
9743
5468
9098
1612
3902
468
5423
5568
5031
760
3628
1126
7713
8112
9356
7248
9043
4733
5755
2536
5689
7655
1608
7281
9935
4269
7818
3574
5405
2922
5833
6435
7242
923
7173
852
4218
7492
815
5397
2935
6141
6231
3435
6354
3812
3049
7512
5886
6058
4757
152
1113
9705
4447
9609
1008
8661
8196
1666
1701
2400
5081
6056
6298
3685
8072
6122
1214
4499
7293
6017
9589
8914
3169
2620
7850
942
4427
3162
3178
122
1585
6886
9566
8571
6380
5209
8995
1697
6464
4193
9639
2564
1696
1049
5432
6449
1119
9678
1187
6234
1528
7294
7773
3495
2671
3769
6496
9409
4275
3781
1038
8421
9404
4216
2176
3212
2090
105
4758
585
9076
2260
3207
6118
7608
1529
4870
8997
8662
8338
5209
6426
7867
7059
4918
6946
9499
9053
6469
9552
1302
7416
1060
2097
5542
3505
1759
1670
5416
6466
9253
7140
1238
4549
9685
3352
1575
3975
2694
7442
186
9365
8855
1212
8992
2888
9517
499
4314
4316
8297
6059
5995
4651
814
4646
5295
4007
9401
4734
3457
6422
3286
2765
6393
9644
7169
4980
4166
492
8706
6790
7116
8606
5219
105
5893
410
5120
1838
156
4476
3539
1483
444
9153
9413
9107
5181
7080
3605
816
9109
7433
3476
8301
8501
6305
2827
6066
9554
7171
1018
1381
7702
2198
6085
6448
1872
2841
8304
1869
4133
2212
6608
5141
2567
2546
6593
6239
5970
6211
5924
3406
8310
7417
5483
5535
121
7144
44
5695
4358
2711
2751
4675
1549
6945
6103
4820
2150
937
5197
9488
8481
8122
1597
418
3347
8674
2884
7809
8334
935
4098
148
4088
6914
4239
1509
392
9444
2135
2036
7278
6119
9945
9551
7533
3258
3045
7682
6415
1237
4498
5275
3131
4992
8558
8257
7743
6957
164
9935
310
482
9855
2459
842
5341
2211
6420
381
5897
196
3275
1371
5329
6643
2265
4610
9020
8332
2641
9440
7117
5089
9261
8157
6461
3026
4259
6959
3134
6370
4739
3924
4994
7231
6457
6049
2158
8673
9080
7011
8927
7606
4479
371
6487
9086
5615
5129
327
6896
7210
712
9535
7903
7357
9234
7568
6407
6279
1956
4616
6527
3989
6563
712
1283
7435
8339
7122
157
8120
4051
9507
6827
651
4329
2000
4825
3713
7704
1893
6135
7526
6233
8107
2633
8964
7327
1787
71
4070
9894
9558
6779
9681
7668
6546
4537
324
1946
7491
5110
2837
7883
113
9899
7664
6671
450
2835
1890
5662
8923
9332
3446
5633
6590
3945
1517
6843
8015
7967
8005
9138
1370
1592
4949
4245
3268
2144
8703
9585
9387
9583
4445
1145
6839
8999
9970
996
1972
8582
5725
7227
6212
4721
1862
8014
5174
1952
8636
8127
3848
9421
4622
9849
2691
8791
5644
101
1922
9907
116
5363
4673
9988
1521
7243
6309
7675
8890
203
918
6115
2928
8938
7255
1257
7288
8852
7730
5003
1367
4295
7211
9187
9626
1655
806
1108
9185
6498
650
9860
408
1576
2642
6504
4685
1239
6433
4028
7234
4973
495
3920
3837
9528
4703
2957
6316
4489
26
2038
2171
1365
2808
4123
1581
6895
2068
4712
4337
4242
6039
1288
1017
4141
1086
4875
4813
2585
8454
4524
3655
7073
921
4105
4
5333
7638
7782
4445
1548
3731
6384
5864
8047
3003
3538
7957
37
3601
5609
6896
3529
3217
2588
4944
733
1187
9019
9915
5141
515
9831
9256
434
8385
1477
8453
2971
4341
7366
2303
6120
4972
7406
3350
1610
3751
9980
2086
5371
4068
4131
8937
292
7187
7668
6217
5959
1272
8902
8405
6201
9065
6891
6791
7188
9692
6105
99
4007
5407
1610
7377
1535
2017
4387
6407
7760
7798
9173
6173
1206
8900
816
1311
6818
5762
4690
7558
1929
8247
7399
9251
4184
1031
3168
3571
9036
9945
4936
7551
2584
7045
4998
1794
7102
3229
514
3664
5771
5979
77
6254
8949
3916
2948
6632
9542
7581
1257
6994
2700
9669
2863
1085
6936
6175
7733
3400
6097
1631
631
9408
8230
9451
6359
8307
9980
3274
8058
7191
6149
266
6718
4345
2383
8184
7635
2188
4519
9701
3604
5759
1022
356
9263
2968
344
6366
6508
5845
7014
6926
4786
4477
293
1159
5019
2412
909
5003
2109
2800
5720
9845
3761
9941
4325
5145
4886
4108
7384
4287
4282
5235
6053
8284
3873
6528
9543
6669
2627
3631
79
4777
1315
3666
3647
3221
7577
3384
8839
5323
3193
5774
1150
3288
6360
2166
6799
4976
8365
7611
5584
7013
6732
765
1891
1900
2947
791
9982
8063
8720
6274
3362
8544
8517
4869
3436
8065
1543
9078
2798
9022
3372
9510
9720
3308
5739
1365
9013
9056
1443
3642
3243
7202
9921
1663
5822
6142
6973
1100
6650
4296
9412
6264
1639
685
7617
5686
5941
6166
4574
4824
6623
5818
1970
8016
8640
7369
4057
2052
9927
5604
7378
9884
8095
6809
1760
537
7718
5834
1689
6899
3451
3167
1514
1561
9235
3711
9192
4768
7577
1453
5595
7485
2579
8329
6695
2117
9972
5871
1693
8428
7455
5167
6538
2762
1001
9270
4155
9318
1938
8404
2519
2331
2761
8940
9154
6767
3966
9132
1818
9301
168
1991
6035
8053
7492
9214
9326
1047
6406
3484
2204
5001
5273
9453
9300
5329
9488
539
4369
1531
580
892
5104
1408
7379
2434
4891
7359
5620
2314
3532
9527
8724
7004
9128
3883
2909
4836
5740
7826
4165
9426
3908
2113
9623
7876
4706
3855
1844
7782
3211
2043
3829
126
9831
475
2122
7087
5032
4034
8506
3704
3797
7343
2367
5740
1428
3742
1527
5848
4559
4835
8478
639
2804
9004
7298
892
2677
5004
9057
9807
4958
3142
6301
2472
5007
9838
2119
7035
8434
1784
9158
4314
7157
5109
449
9308
4334
2759
8323
6826
9685
3662
4083
3226
866
307
2102
2565
5603
2113
7264
2503
8794
1245
7794
2462
6653
5276
5475
5100
8676
345
6753
9037
6610
4140
